  0.399749041     -0.641353250      0.213625893    
  -8.63867855      -10.6699724      -35.7904167    
   2.50014639       15.8090096       14.5069561    
   11.1719971       22.6449642      -11.4492559    
  -26.4588566       23.8023663       36.6761627    
   35.1189842      -3.78751755       17.9340954    
   12.3209133       16.2205486       6.63732624    
  -10.0571260       30.6289482       4.97998047    
   19.7262096      -14.1519432      -31.5881634    
  -13.1277246       6.45004892       23.3581543    
  -30.4661560      -24.0614223       20.3575001    
  -2.00222063       31.7693901       17.5534515    
  -38.3603287      -23.9572849       34.3954620    
   14.6341343      -35.9778824       37.7682381    
  -2.61013889      -29.7608109       21.9149494    
   2.22633100      -27.2231350      -28.8294029    
  -18.0440979       16.6054783       16.2084732    
   1.41257894      0.907409251      -26.5549450    
  -35.7641029       34.8061638       16.6334782    
   18.9601040       22.4657860       12.9080706    
   20.7301884      -19.3952999       29.5924683    
   22.8346138      -8.23945332       2.10826898    
  -31.4345398       27.4513855       12.4852762    
  -34.4247627      -18.1170197       1.14691305    
   23.1136360       17.5485725      -32.8867226    
  -25.9810200      -9.09056473      -19.5630341    
  -30.7375450      -2.30273557     -0.977420509    
  -2.36185741      -2.27354121      -22.6914349    
  -6.30223894       9.46828079       29.0372791    
  -17.1967354       28.4944668      -2.74816728    
  -8.71294594       9.70794868       23.3662891    
  -2.00592899      -8.25491238      -16.3691730    
  -29.2754402      -14.1915073      -4.18790817    
   34.8970337       3.61818242       28.2358437    
   1.02380800       24.8576031       38.0602531    
  -1.52540648      -32.8737030       37.9733429    
  -15.1652355      -6.57881165       11.4352026    
  -6.55959177       35.2848625       1.08520103    
  -24.4313774       25.1956844       5.44344521    
  -17.1882744      -16.5057716      -32.2741966    
   34.9677696      -25.4522095      -21.5779457    
   2.53198504       33.4978256       28.5707111    
   8.57993412      -36.6835899      -15.6881933    
   13.6564360      -16.8456688       14.5790758    
   34.7763672      0.940884054      -3.51050687    
   29.6786156       2.57780766      -31.2956390    
  -38.2744179      -16.5893707       27.8134174    
   28.8572960      -30.9359646       5.42324305    
   10.8323164       21.4505272       13.9636230    
  -4.71133375      -18.5517464       16.1761684    
  -7.87290335       13.9718866      -35.7633553    
  -10.0116682       21.5630932      -13.9799089    
  -29.5076065       3.60913372      -8.67399788    
   15.6646090      -17.7927322       27.3481846    
   32.7057724      -21.4800854      -4.79214287    
  -12.8088884       3.65980983     -0.116403334    
   32.2440758      -33.0614891       25.7661362    
  -7.68802500       38.7570190       28.5607815    
   9.15601540      -14.2482758      -29.8969955    
   25.0569839      -12.5324965       2.50084305    
   23.2150230      -30.0361156       2.00168014    
  -31.8408794       17.8683834       31.5342789    
   16.5218964       3.13283157       18.3689270    
  -1.63955593      -10.2306347       5.53305817    
  -4.84742308       36.9388885       11.0298882    
   17.4686069       27.1677151      -2.52233791    
  -10.7423143       5.69352055      -19.5901413    
   16.8923931      0.885653853      -5.45126867    
   19.5724258       27.7036400       23.3401070    
   12.1233654      -33.4958572       24.8377342    
  -11.3379211      -16.0383244       2.12986875    
  -7.54592419       14.2199850      -1.76715755    
   9.69392967      -21.2086124       20.5572224    
  -2.35577917      -36.8749390       18.2796326    
   15.6393814      -22.9518757      -7.01605749    
  -9.07005310       30.4130936       32.2678185    
   23.4819851      -19.8204384       25.0751228    
   27.6625729      -19.4271641       17.9677696    
   25.1659412      -17.8820915       7.52372169    
  -15.8365240      -28.1355324       26.4031830    
   18.6765041      -26.7152576      -19.6013470    
   7.00657845      -31.4204655       32.0468559    
  -30.3845062       32.4582901       1.04099441    
   13.1343708       13.0172100      -25.7579346    
   1.00124598      -17.9077148      -28.0044498    
  -8.44324017      -37.2402229      -28.4970245    
  -24.3048267      -33.6438980       32.0364494    
  -30.0824394      -9.61340523      -8.72031116    
   15.8930559       8.87717247       12.2322102    
  -7.12955475      -9.03809071       33.1775665    
   26.4096527       8.57174969       16.9400311    
   29.2116642      -14.1856718       6.02520609    
  -14.9007301       18.2400646       25.1455460    
   25.9753895      -2.93634272      -8.27739334    
   32.7937660       2.57005262      -36.3101120    
   17.0839615      -10.7749567       35.8502541    
   4.86806965      -30.0413132       21.6050529    
  0.507854044      -13.9127064       11.5718870    
   10.4951611       28.8740997       29.6285667    
   7.45160198       9.57349777       28.3707561    
   7.78580093       16.6079159      -27.6265430    
   3.96943545      -28.7496929       30.9647160    
   15.8706207       12.1620522      -34.9224892    
   19.3940144       6.31582594       27.3801289    
  -37.9011993       26.3230000      -12.2353592    
   15.3287373      -14.6781254      -9.85840511    
   10.4394350       17.2806816       31.5982571    
   6.44170141       36.8392944       38.4949989    
  -22.8345356     -0.464486212      0.305719137    
   28.6576900      -26.2604218       19.3465347    
  -19.7198830       33.6893044      -8.47082901    
   1.37181962       37.4546623       34.5623817    
   19.9108562       5.88394642       21.0890980    
  -35.8851471      -2.97295499       32.8648071    
   36.6200371      -26.8919983     -0.805500507    
   9.13584328       20.7387848       4.89237642    
  -35.7134209      -27.4533749       22.1898270    
  -1.73918021       10.5104818       27.7648525    
  -8.48311901       35.4506416      -17.6544514    
  -14.0348291      -7.15795708       23.0811405    
  -17.4266300       30.3411961       8.73980999    
   18.2240219       17.6456757       26.8104000    
  -6.61820126      -31.5046616       7.38494921    
   4.60854149      -8.45075512       7.31744146    
  -1.59463656       22.6934528       22.4273872    
   11.7509890       7.00780106      -12.4051018    
  -20.4651165       33.3067169       32.8421593    
   13.0965662      -14.3910675     -0.364131302    
  -15.0709734      -22.6970787      -11.9537830    
  -28.2884159      -30.0566063      -25.5380383    
  -6.07695389      -30.9375801       30.9072227    
   10.1114206      -7.76673508      -18.9643936    
   13.5862217      -16.9549809      -5.72980118    
   18.8043079       31.1601334       36.8835373    
   11.3108921      -15.9801826       9.72397518    
   24.8950405      -36.4709969      -7.94524860    
   22.0792522       26.2597694      -32.7326698    
  -16.0104561       7.73988152      -12.2300987    
   1.22646201       28.6062469       24.5000725    
   20.0835075      -26.4437370      -38.2803612    
  -24.5213490      -36.4557838       19.3090668    
  -28.6715240      -25.4577618      -22.2041054    
 -0.444036871       37.2642212      -14.1396112    
   16.2570381       11.9653997       21.8575859    
   31.1465168      -14.8447075      -27.0148468    
  -14.0268955      -31.4338036      -32.6337395    
  -27.5480671      -26.3848553       18.7223644    
  -32.9570274      -11.9309530      -3.33128023    
  -10.0824556       26.2147121       34.3121910    
  -31.2931671      -36.8344498      -1.04418325    
  -21.8319798      -31.8010559       28.5036716    
 -0.347306281       23.0814190       33.9796829    
  -16.4548302      -35.5164413      -5.48367119    
  -27.1725616     -0.546156764       24.3759823    
  -33.7378044       2.84845307E-02  -31.5798359    
  -5.05203962      -9.76068783      -4.94578934    
   4.70245695      -37.6995049      -21.7754898    
  -30.1172733       15.6087208       2.71977758    
   6.68949175      -1.74030900      -35.0466156    
  -9.75051975      -10.9451714      -31.5230179    
  -4.83987570       15.1196442       8.11078930    
   20.2336235       1.23488116      -34.0910339    
  -30.1267548      -3.54783964       26.8757687    
   22.0927162       5.19325256       13.0498762    
  -9.27513790       29.3699150       25.2816563    
  -23.6150780       30.4129429       7.60298729    
  -9.96509743       17.0417976       38.6810188    
  -15.6298256       32.3477592      -8.34948921    
  -26.3247337      -19.7552471       2.60355520    
  -21.3852386       35.8013649       28.9763718    
   10.2053518       36.5206070      -1.83033586    
  -8.62657070      -32.3151703       38.0970573    
   22.1640968       2.22438240      -30.6239929    
  -26.5691986      -34.1692734      -30.3736706    
   19.3337402       12.7747746      -5.52609062    
   17.3721581       15.4724417      -6.61972189    
  -33.6138344      -4.46976328      -35.8343391    
   11.6087074       35.9113770       33.9122925    
   17.5460110       6.22796965       22.9571724    
   1.61597061      -29.2871742      -26.2713585    
  -19.9278374      -26.0115891      -15.5261087    
   32.6607742      -9.56629181       32.7130890    
  -12.7726068       30.8882599       13.1200504    
   29.8879261      -14.6220427       34.5571327    
   31.6895504       24.3106098      -24.9949322    
   37.7501831      -34.7818718       37.6778717    
  -18.0663662       8.13040829       6.37947941    
  -35.8072548      -35.0731392       2.94847369    
  -38.2445908      -2.45449877       12.5258512    
  -25.8659954       30.9239998       35.3838882    
  -17.5064316      -28.7773075      -37.6090508    
   15.9932547       19.2361336       5.15974522    
  -11.8457737      -1.64925957       31.5963249    
  -36.8346519      -18.3087654      -29.3174877    
   24.5719090      -28.9104080       34.0515099    
  -25.7892113       14.9293489      -28.2477798    
  -37.0378418      -32.1325111       10.2922716    
   37.8450165       19.2602730      -10.0164089    
   27.9227543       17.5901585       22.8260574    
  -3.66771150       38.1681938       6.83773375    
   34.3266373       11.3817892       30.3927975    
  -27.9872017      -18.1607609       33.1882935    
   21.3787251       3.59971929       3.53570628    
  -6.04185629      -14.4985247      -24.2925358    
   10.5272865      -35.6314278      -4.65458059    
  -20.3150902       7.56635952      -18.7500687    
   8.82285690       15.4796410       35.6660233    
  -12.1887665      -27.2175827     -0.302546799    
  -18.4993725      -21.6318874       25.6453571    
  -34.8082275       27.1238461      -29.0175934    
   11.4019613       23.5208569       8.28488827    
  -3.73878908     -0.820739388       22.5681305    
  -9.00337887      -27.3213902       3.32040596    
   26.8266220      -17.7451000      -34.1181488    
  -30.4049015       23.3381710      -35.2791138    
   11.1471987       1.59504080      -31.9518318    
   12.8734322       17.4945240       14.4383612    
  -34.9292564      -25.8656502      -3.41473484    
   3.26102114       20.6478901      0.282403767    
  -31.2774925      -5.20647335      -3.81195283    
   29.8053837      -7.39171791      -27.8260803    
  -20.1018734       28.0258827      -26.0431252    
  -6.69819450      -23.5812798      -37.8146858    
   35.2412949       15.8048134     -0.320253700    
  -9.86040211      -7.50374842       24.7498302    
   11.2339258       1.58661103      0.806743741    
   26.6766415       8.57611084       25.9270439    
  -27.8849144       30.9327354       18.7775478    
   36.1715508      -37.4335670      -15.8309135    
  -9.77347660       24.6913910       14.6752110    
   11.6435242       21.6849766       11.4265079    
   5.39461851       14.4226294       17.7527885    
   19.7342987       13.9854393       7.98445368    
  -19.8143692       4.23034620      -9.67293358    
  -28.4364643      -24.4282360      -27.9700718    
  -33.8713646       6.21305847       33.2430801    
   19.2385426      -17.7398376      -14.1873522    
  -36.5302887      -2.77242661      -20.8110733    
  -28.9841137      -13.6085262      -26.6498718    
   22.7732410      -1.47811663       33.2076302    
  -26.0619068       27.3519421       10.8495884    
   5.47313166       21.6212921      -8.38192940    
  -2.17296839      -12.5768061      -19.1777344    
   18.1652927       12.4351025      -37.2374077    
   16.9204636       10.0752287       10.7150221    
  -3.69726276      -35.2888336      -35.8590126    
   3.26616383      -4.90256834      -37.5752640    
   1.29702497      -8.47632790      -16.5272217    
  -4.24730921      -8.83568859       17.0982723    
  -11.0180292       37.0942917       19.0602207    
  -24.0961018       12.4358978      -33.3849678    
   21.7218227       36.6310844       21.2056122    
  -33.9211159      -37.2449913      -16.4906845    
  -28.6841049      -9.02791405       8.07370090    
   34.6273422      -25.8722954       24.1073704    
  -23.4009399     -0.596950114      -5.98208714    
 -0.904030621       12.0099678      -9.79577541    
   13.1828899      -1.54826951      -20.2298431    
   7.21772432       14.7719793      -12.8492956    
  -27.0414200      -21.9492035       17.7307320    
   10.9630775       14.3673859       7.41108751    
   32.1886864      -8.36608124       19.8685436    
   13.4412766      -22.2652016       35.9569817    
  -10.5017080       25.6870937      -27.5768738    
  -25.1432304       17.0008011      -33.1695137    
  -35.0464630      -27.9608097       18.7602577    
  -27.4546833       25.6177711       8.65655136    
  -33.9248466      -19.0755844       29.1659412    
   24.0403900       10.5740881       25.4751606    
   13.5099773       3.59136271      -14.9715014    
  -33.9031067      -22.5312042      -9.76127815    
  -35.2164040       2.44676471       8.22375774    
  -33.0785484       28.5395565       11.2080612    
   17.2637730      -26.2404308       2.79713988    
   18.9003868       23.2817097       5.82934856    
   29.7875500      -37.3740158      -21.5937328    
  -12.5501356      -24.7906914     -0.845381200    
   24.7474041      -22.7929192       11.5964279    
  -6.15260220       9.51990986      -19.8221645    
 -0.488003433      -35.6359825       13.1628275    
  -17.3476238      -33.6436081      -21.2039013    
  -15.2636051       27.6161861       25.2810287    
  -2.67211628       12.7257271       29.9517727    
  -35.2240257      -29.6631012      -17.6780872    
  -5.27752352      -20.0131111      -14.5073595    
  -37.4341583       34.9634361      -30.1951675    
   5.97919893      -12.1033669      -28.4400654    
   37.2398376      -23.0186195       33.7111053    
  -35.2285538      -3.32917881       33.8733063    
   24.6017666      -3.29106522       23.6583538    
  -9.10906029       11.0079556       30.5887184    
  -8.18948936       6.50566149     -0.674834132    
   17.3658714      -5.25569963      -28.5078926    
  -28.5150471      -33.6824570      -38.3288612    
  -24.7632980      -38.7121010      -17.8121986    
  -36.3518028      -3.46082664      -34.9462128    
  -31.8204594       11.4903908      -5.32189131    
   33.1204643      -20.0132484      -34.2237206    
  -4.98853683       35.6189880      -37.7996445    
   4.41119623      -1.71929646       33.5825081    
  -34.7913322      -33.7525940      -23.2981396    
  -26.9249191      -15.6002264      -25.1797619    
  -21.6101990      -19.2075367       34.3836746    
   11.2029390       35.7058640     -0.999824643    
   36.5914612      -35.9740372      -36.4523354    
 -0.918004274      -1.94375587       30.8275261    
  -10.2977877      -5.46132660      -1.61415160    
   18.4669647       22.3409786      -17.1229267    
   33.8965569       22.3860760       19.8546829    
  -37.5155106       33.0677681       10.3770361    
   6.46833372      -15.5414515     -0.249428421    
   15.5824184       34.9520912       2.91586471    
   36.8587074      -31.2886429      -4.95077229    
   6.19576359       4.29814529      -27.2318535    
   6.13492393       20.8201008       35.2723694    
  -32.9075050       22.2554016       7.07225180    
  -34.9998322      -30.2713070      -16.2287693    
   10.5939102       37.3658905       9.91963863    
   30.4074268      -2.59841251       9.16597462    
  -4.89118767       5.84862995      -25.1369057    
  -32.9611549      -20.4962673      -36.9944000    
  -26.4983559      -18.1455650       38.3713608    
   35.9816742      -31.3445778       8.37854767    
   20.2773914       34.1163940       8.66198826    
   26.2122364      -12.8699675      -36.1130180    
  -15.5469084      -22.9812565       22.2785416    
  -1.78125954      0.176871955     -0.200682610    
  -3.34721041      -36.3838730       24.1821976    
   30.5275745      0.331964195       35.8633156    
   2.65553999      -12.6521931      -17.0078144    
  -27.7490902       1.21941555      -3.33136249    
  -36.4026833      -31.0309868      -14.7374401    
   21.8656712       4.24026728       11.4916897    
   3.54122424       9.68750095       21.6601315    
   28.7120819       25.0932693      -23.1715450    
  -20.1271706       22.0109520       25.3550892    
  -8.18209267       12.9372377      -26.7605400    
  -21.8294296      -36.2166138      -11.1958733    
  -33.2457085       33.7366257      -9.91898537    
   2.89084721      -3.21464705      -20.2599316    
  -14.7778282       2.54443717      -31.5924530    
   11.4617767      -19.4808388      -17.8479061    
   30.4414711       16.0989723       20.7596416    
   20.7301292       16.7849216       28.9571838    
  -10.3759050       35.6982880       36.7768631    
  -27.5865898       22.4734344      -25.3611603    
  -21.2120819       3.04598045       13.8804531    
   27.1880035      -38.1609612       14.1024303    
  -35.9398117       7.54676771      -16.0748615    
   8.87705612       20.0618248     -0.449858814    
  -38.1942825      -7.54057884      -9.04291248    
   29.4470463       35.5805550      -3.70208120    
  -6.59948885E-02  -14.9889231       22.4830341    
   8.94324875      -16.6395950      -9.69441986    
   10.1531849       6.72751665       2.33410001    
  -9.43498421       27.0808296     -0.441891462    
   23.8748589      -11.1146755     -0.753234386    
  -6.20311403      -29.8188877      -2.65761375    
   31.2856693      -29.4774494       36.0548248    
  -21.1068821      -36.3259583      -21.5240955    
   35.5083046       11.6916409      -13.8626289    
   8.34425259      -28.8986225       4.65960646    
  -36.8355827       31.9702911       25.0236244    
   24.8396072      -12.8995638      -7.50581312    
  -38.3802872      -18.3783760       9.79256439    
  -32.0546150      -38.4583778       16.1709805    
   35.8841248      -11.4805269       14.5768099    
   23.2112904       29.3331490       32.8077431    
  -12.2884417       20.8978539       10.3572140    
  -35.5171661       19.7767277       15.5179253    
  -1.50727129      -15.2377501      -5.52008057    
  -24.5998421      -21.1651630       37.7912445    
   16.5980377      -27.9087734       34.5201073    
  -12.7003059       6.03815508      -28.4270611    
   10.4621973       24.5779438       35.4660988    
   27.1351624       29.8917770      -24.8551502    
  -1.76975453      -19.2458858      -24.9482212    
   33.9966240       36.5118790       32.4351692    
   35.3295708      -15.8127203     -0.698631108    
  -12.9658766      -6.43991232      -25.7316685    
   21.6367569       24.1646729      -12.6511297    
  -4.25809765       31.5107536      -23.7183132    
   32.8959579      -7.63747454      -19.6579418    
  -13.9303532       20.3137856      -5.87544823    
   32.2868118       31.0042057      -22.0154457    
  -22.3286324       7.55269575      -19.3940582    
  -23.9497261      -11.4828472       12.3039408    
   35.5918617     -0.871675372       15.5053034    
  -23.8921146       6.69143391       14.7081070    
   16.1813927       7.57383442      -29.4014149    
   3.29636240       34.8300018      0.281393677    
  -28.6907177       34.8379936      -28.9402618    
  -21.5397472      -2.91038847      -23.0160065    
   10.1572971      -5.08788490      -31.0766926    
   11.2728262       5.47757673       31.9928665    
  -15.1039143      -9.79114151       7.96836042    
  -20.2888355       7.07943106       29.1629372    
  -9.86538219       13.0185442      -7.87970543    
 -0.642419219      -26.2781048       24.9319305    
  0.260862142      -4.84738779      -35.0189590    
