       15100   102.762138    
       15200   102.833534    
       15300   102.916901    
       15400   102.772461    
       15500   102.897278    
       15600   102.770744    
       15700   102.932732    
       15800   102.923973    
       15900   102.857620    
       16000   102.878624    
       16100   102.906601    
       16200   102.861076    
       16300   102.856972    
       16400   102.829880    
       16500   102.937538    
       16600   102.825623    
       16700   102.934502    
       16800   102.880150    
       16900   102.788223    
       17000   102.889694    
       17100   102.718269    
       17200   102.884918    
       17300   102.908867    
       17400   102.806488    
       17500   102.879570    
       17600   102.856377    
       17700   102.868446    
       17800   102.788826    
       17900   102.895363    
       18000   102.809395    
       18100   102.810760    
       18200   102.850418    
       18300   102.824348    
       18400   102.843842    
       18500   102.810432    
       18600   102.791985    
       18700   102.761925    
       18800   102.872131    
       18900   102.868263    
       19000   102.872932    
       19100   102.865852    
       19200   102.817406    
       19300   102.910507    
       19400   102.841461    
       19500   102.810791    
       19600   102.903572    
       19700   102.882492    
       19800   102.859505    
       19900   102.885521    
       20000   102.892570    
       20100   102.638123    
       20200   102.798584    
       20300   102.843529    
       20400   102.884132    
       20500   102.881500    
       20600   103.019875    
       20700   102.947823    
       20800   102.926682    
       20900   102.786339    
       21000   102.791222    
       21100   102.833557    
       21200   102.778938    
       21300   102.903000    
       21400   103.002800    
       21500   102.875343    
       21600   102.954895    
       21700   102.875946    
       21800   102.860260    
       21900   102.807060    
       22000   102.748817    
       22100   102.745003    
       22200   103.003906    
       22300   102.835457    
       22400   102.806351    
       22500   102.815193    
       22600   102.838562    
       22700   102.915398    
       22800   102.994377    
       22900   102.839607    
       23000   102.821869    
       23100   102.847305    
       23200   102.779343    
       23300   102.751984    
       23400   102.832619    
       23500   102.977791    
       23600   102.818771    
       23700   102.835518    
       23800   102.753563    
       23900   102.869415    
       24000   102.951065    
       24100   102.923851    
       24200   102.854248    
       24300   102.924164    
       24400   102.840508    
       24500   102.809906    
       24600   102.870628    
       24700   102.839569    
       24800   102.799599    
       24900   102.748215    
       25000   102.785950    
       25100   102.903603    
       25200   102.930550    
       25300   102.796989    
       25400   102.912209    
       25500   102.790497    
       25600   102.894562    
       25700   102.881233    
       25800   102.832664    
       25900   102.862991    
       26000   102.850189    
       26100   102.846458    
       26200   102.820137    
       26300   102.921768    
       26400   102.812744    
       26500   102.834892    
       26600   103.014206    
       26700   102.785408    
       26800   102.965889    
       26900   102.862724    
       27000   102.885567    
       27100   102.908318    
       27200   102.890862    
       27300   102.815361    
       27400   102.853722    
       27500   102.928246    
       27600   102.864647    
       27700   102.841980    
       27800   102.786926    
       27900   102.989914    
       28000   102.814720    
       28100   102.882286    
       28200   102.924911    
       28300   102.776535    
       28400   102.799911    
       28500   102.880028    
       28600   102.770721    
       28700   102.864769    
       28800   102.868263    
       28900   102.759109    
       29000   102.935692    
       29100   102.745247    
       29200   102.896194    
       29300   102.981697    
       29400   102.893402    
       29500   102.908798    
       29600   102.864044    
       29700   102.847755    
       29800   102.934563    
       29900   102.886467    
       30000   102.866882    
       30100   103.037361    
       30200   102.779915    
       30300   102.909241    
       30400   102.914505    
       30500   102.926048    
       30600   102.922638    
       30700   102.870880    
       30800   102.937508    
       30900   102.850853    
       31000   102.880791    
       31100   102.988007    
       31200   102.854424    
       31300   102.863556    
       31400   102.945732    
       31500   102.816132    
       31600   102.849930    
       31700   102.898544    
       31800   102.951096    
       31900   102.814796    
       32000   102.930397    
       32100   102.841492    
       32200   102.884186    
       32300   102.910637    
       32400   102.840652    
       32500   102.848289    
       32600   102.885841    
       32700   102.893105    
       32800   102.943573    
       32900   102.833664    
       33000   102.816139    
       33100   102.803215    
       33200   102.892570    
       33300   102.862457    
       33400   102.832481    
       33500   102.805656    
       33600   102.801575    
       33700   102.813087    
       33800   102.815674    
       33900   102.880836    
       34000   102.830345    
       34100   102.738075    
       34200   102.906387    
       34300   102.979797    
       34400   102.876297    
       34500   102.930733    
       34600   102.846161    
       34700   102.826355    
       34800   102.795578    
       34900   102.894569    
       35000   102.909378    
       35100   102.754639    
       35200   102.712265    
       35300   102.809158    
       35400   102.813934    
       35500   102.810661    
       35600   102.847450    
       35700   102.811066    
       35800   102.899734    
       35900   102.896309    
       36000   102.967918    
       36100   102.757538    
       36200   102.840820    
       36300   102.873810    
       36400   102.951462    
       36500   102.783600    
       36600   102.835403    
       36700   102.866043    
       36800   102.951836    
       36900   102.788925    
       37000   102.874870    
       37100   102.731842    
       37200   102.765526    
       37300   103.032951    
       37400   102.836525    
       37500   102.809456    
       37600   102.807663    
       37700   102.841705    
       37800   102.840134    
       37900   102.921181    
       38000   102.837624    
       38100   102.806259    
       38200   102.887520    
       38300   102.887161    
       38400   102.761337    
       38500   102.872910    
       38600   102.937843    
       38700   102.861252    
       38800   102.841476    
       38900   102.787415    
       39000   102.900261    
       39100   102.866730    
       39200   102.768600    
       39300   102.895569    
       39400   102.868095    
       39500   102.792259    
       39600   102.736374    
       39700   102.791656    
       39800   102.928314    
       39900   102.872002    
       40000   102.859329    
       40100   102.878021    
       40200   102.903847    
       40300   102.961731    
       40400   102.773407    
       40500   102.904305    
       40600   102.887413    
       40700   102.853592    
       40800   102.835548    
       40900   102.841820    
       41000   102.896576    
       41100   102.874748    
       41200   102.780090    
       41300   102.871445    
       41400   102.911591    
       41500   102.852890    
       41600   102.920677    
       41700   102.833923    
       41800   102.877441    
       41900   102.810677    
       42000   102.889854    
       42100   102.846718    
       42200   102.779739    
       42300   102.855598    
       42400   102.806671    
       42500   102.988777    
       42600   102.920723    
       42700   102.809601    
       42800   102.859657    
       42900   102.823761    
       43000   102.856468    
       43100   102.838379    
       43200   102.750351    
       43300   102.721817    
       43400   102.782074    
       43500   102.834236    
       43600   102.895615    
       43700   102.876320    
       43800   102.885002    
       43900   102.807823    
       44000   102.926834    
       44100   102.896866    
       44200   102.805321    
       44300   102.839844    
       44400   102.910263    
       44500   102.875694    
       44600   102.913429    
       44700   102.858612    
       44800   102.879486    
       44900   102.850410    
       45000   102.885185    
       45100   102.888893    
       45200   102.833504    
       45300   102.819061    
       45400   102.759552    
       45500   102.774139    
       45600   102.832039    
       45700   102.888245    
       45800   102.872841    
       45900   102.936378    
       46000   102.838043    
       46100   102.736679    
       46200   102.768440    
       46300   102.993050    
       46400   102.782410    
       46500   102.910622    
       46600   102.884552    
       46700   102.808731    
       46800   102.819572    
       46900   102.979355    
       47000   102.814476    
       47100   102.707481    
       47200   102.844696    
       47300   102.844391    
       47400   102.922356    
       47500   102.905975    
       47600   102.938293    
       47700   102.898483    
       47800   102.839737    
       47900   102.897438    
       48000   102.926994    
       48100   102.803230    
       48200   102.884651    
       48300   102.814812    
       48400   102.888977    
       48500   102.878967    
       48600   102.959114    
       48700   102.828148    
       48800   102.965263    
       48900   102.905266    
       49000   102.818352    
       49100   102.857849    
       49200   102.865387    
       49300   102.923065    
       49400   102.785789    
       49500   102.822060    
       49600   102.844795    
       49700   102.826347    
       49800   102.910309    
       49900   102.763947    
       50000   102.830170    
       50100   102.849411    
       50200   102.944885    
       50300   102.851707    
       50400   102.887497    
       50500   102.800842    
       50600   102.877197    
       50700   102.839134    
       50800   102.946823    
       50900   102.799080    
       51000   102.989883    
       51100   102.843300    
       51200   102.844124    
       51300   102.811905    
       51400   102.817307    
       51500   102.689217    
       51600   102.789207    
       51700   102.906013    
       51800   102.897316    
       51900   102.892792    
       52000   102.990555    
       52100   102.885109    
       52200   102.838623    
       52300   102.835175    
       52400   102.770996    
       52500   102.852264    
       52600   102.955383    
       52700   102.876839    
       52800   102.845039    
       52900   102.842224    
       53000   102.918030    
       53100   102.911964    
       53200   102.708885    
       53300   102.820946    
       53400   102.944054    
       53500   102.791954    
       53600   102.819611    
       53700   102.890388    
       53800   102.839012    
       53900   102.895538    
       54000   102.863693    
       54100   102.852745    
       54200   102.855110    
       54300   102.896797    
       54400   102.924660    
       54500   102.911201    
       54600   102.786423    
       54700   102.850136    
       54800   102.838531    
       54900   102.836067    
       55000   102.901222    
       55100   102.907776    
       55200   102.848289    
       55300   102.980675    
       55400   102.899506    
       55500   102.849724    
       55600   102.712898    
       55700   102.830391    
       55800   102.706375    
       55900   102.844559    
       56000   102.929688    
       56100   102.833519    
       56200   102.834114    
       56300   102.887619    
       56400   102.717743    
       56500   102.841194    
       56600   102.872864    
       56700   102.959991    
       56800   102.740990    
       56900   102.944031    
       57000   102.802429    
       57100   102.783974    
       57200   102.844551    
       57300   102.831795    
       57400   102.880676    
       57500   102.851669    
       57600   102.960251    
       57700   102.803375    
       57800   102.865227    
       57900   102.860245    
       58000   102.900703    
       58100   102.903740    
       58200   102.833977    
       58300   102.889854    
       58400   102.906937    
       58500   102.824570    
       58600   102.843124    
       58700   102.949860    
       58800   102.806862    
       58900   102.772278    
       59000   102.864479    
       59100   102.897224    
       59200   102.971283    
       59300   103.029373    
       59400   102.842438    
       59500   102.729866    
       59600   102.843750    
       59700   102.899734    
       59800   102.826561    
       59900   102.927002    
       60000   102.856277    
       60100   102.906158    
       60200   102.868469    
       60300   102.851273    
       60400   102.940826    
       60500   102.918610    
       60600   102.844215    
       60700   103.002098    
       60800   102.790497    
       60900   102.903366    
       61000   102.879669    
       61100   102.904778    
       61200   102.988846    
       61300   102.858887    
       61400   102.886208    
       61500   102.778717    
       61600   102.829285    
       61700   102.855446    
       61800   102.975273    
       61900   102.847549    
       62000   102.921135    
       62100   102.863426    
       62200   102.912064    
       62300   102.937164    
       62400   102.793571    
       62500   102.846024    
       62600   102.825218    
       62700   102.881165    
       62800   102.804382    
       62900   102.910614    
       63000   102.897110    
       63100   102.968925    
       63200   102.761360    
       63300   102.932838    
       63400   102.909286    
       63500   102.966034    
       63600   102.909607    
       63700   102.873917    
       63800   102.977753    
       63900   102.951355    
       64000   102.912178    
       64100   102.847061    
       64200   102.909782    
       64300   102.975266    
       64400   103.028435    
       64500   102.864510    
       64600   102.913040    
       64700   102.891739    
       64800   102.886436    
       64900   102.807480    
       65000   102.821106    
       65100   102.883942    
       65200   102.859367    
       65300   102.802483    
       65400   102.814651    
       65500   102.829689    
       65600   102.922089    
       65700   102.785362    
       65800   102.821327    
       65900   102.802414    
       66000   102.944374    
       66100   102.830559    
       66200   102.851868    
       66300   102.884621    
       66400   102.881973    
       66500   102.806908    
       66600   102.823318    
       66700   102.858994    
       66800   102.825714    
       66900   103.022369    
       67000   102.888405    
       67100   102.818642    
       67200   102.888351    
       67300   102.763115    
       67400   102.845680    
       67500   102.926018    
       67600   102.783318    
       67700   102.757393    
       67800   102.894798    
       67900   102.847878    
       68000   102.821709    
       68100   102.840729    
       68200   102.739967    
       68300   102.807716    
       68400   102.815666    
       68500   102.819427    
       68600   102.855324    
       68700   103.009636    
       68800   102.840683    
       68900   102.887131    
       69000   102.832275    
       69100   102.780594    
       69200   102.929337    
       69300   102.813126    
       69400   102.885178    
       69500   102.959618    
       69600   102.805641    
       69700   102.806877    
       69800   102.961090    
       69900   102.796082    
       70000   102.982590    
       70100   102.861420    
       70200   102.843361    
       70300   102.851105    
       70400   102.866028    
       70500   102.900711    
       70600   102.827431    
       70700   102.872131    
       70800   102.875687    
       70900   102.841599    
       71000   102.917381    
       71100   102.914688    
       71200   102.957458    
       71300   102.867882    
       71400   102.893509    
       71500   102.800850    
       71600   102.886475    
       71700   102.862793    
       71800   102.928070    
       71900   102.866318    
       72000   102.920349    
       72100   102.941254    
       72200   102.840553    
       72300   102.806786    
       72400   102.824593    
       72500   102.892952    
       72600   102.866699    
       72700   102.808876    
       72800   102.906883    
       72900   102.795586    
       73000   102.849083    
       73100   102.890602    
       73200   102.976173    
       73300   102.942627    
       73400   102.910713    
       73500   102.828362    
       73600   102.750633    
       73700   102.934349    
       73800   102.922409    
       73900   102.909744    
       74000   102.925270    
       74100   102.855263    
       74200   102.866409    
       74300   102.869560    
       74400   102.747841    
       74500   102.946259    
       74600   102.936325    
       74700   102.856247    
       74800   102.830292    
       74900   102.930626    
       75000   102.921936    
       75100   102.960808    
       75200   102.806129    
       75300   102.848747    
       75400   102.868690    
       75500   102.868851    
       75600   102.923660    
       75700   102.788300    
       75800   102.879753    
       75900   102.990654    
       76000   102.897575    
       76100   102.846649    
       76200   102.932625    
       76300   102.845833    
       76400   102.837921    
       76500   102.819130    
       76600   102.864510    
       76700   102.958702    
       76800   102.930145    
       76900   102.945312    
       77000   102.917870    
       77100   102.860558    
       77200   102.806328    
       77300   102.826233    
       77400   102.791023    
       77500   102.859467    
       77600   102.817741    
       77700   102.862938    
       77800   102.867859    
       77900   102.783401    
       78000   102.843544    
       78100   102.697235    
       78200   102.923035    
       78300   102.830940    
       78400   102.931488    
       78500   102.893349    
       78600   102.941856    
       78700   102.964035    
       78800   102.893768    
       78900   102.789055    
       79000   102.939659    
       79100   102.772820    
       79200   102.814758    
       79300   102.779114    
       79400   102.853889    
       79500   102.806496    
       79600   102.876816    
       79700   102.842400    
       79800   102.897774    
       79900   102.745583    
       80000   102.922653    
       80100   102.831856    
       80200   102.786034    
       80300   102.907707    
       80400   102.824081    
       80500   102.887634    
       80600   102.778419    
       80700   102.770432    
       80800   102.935104    
       80900   102.849052    
       81000   102.866791    
       81100   102.827431    
       81200   102.861908    
       81300   102.761467    
       81400   102.808327    
       81500   102.861076    
       81600   102.788361    
       81700   102.918587    
       81800   102.861893    
       81900   102.864540    
       82000   102.845108    
       82100   102.821251    
       82200   102.844231    
       82300   102.904297    
       82400   102.866936    
       82500   102.824600    
       82600   102.906281    
       82700   102.904251    
       82800   102.830872    
       82900   102.939667    
       83000   102.863358    
       83100   102.772675    
       83200   102.936562    
       83300   102.870148    
       83400   102.909454    
       83500   102.833717    
       83600   102.785393    
       83700   102.810715    
       83800   102.761894    
       83900   102.878914    
       84000   102.926765    
       84100   102.858063    
       84200   102.879539    
       84300   102.809509    
       84400   102.883675    
       84500   102.860832    
       84600   102.773438    
       84700   102.930954    
       84800   102.960762    
       84900   102.826454    
       85000   102.879303    
       85100   102.899261    
       85200   102.879387    
       85300   102.942764    
       85400   102.889450    
       85500   102.831619    
       85600   102.903229    
       85700   102.839973    
       85800   102.996307    
       85900   102.850594    
       86000   102.933556    
       86100   102.952713    
       86200   102.806839    
       86300   102.785156    
       86400   102.739372    
       86500   102.954720    
       86600   102.835091    
       86700   102.902267    
       86800   102.899368    
       86900   102.883743    
       87000   102.762596    
       87100   102.755432    
       87200   102.955284    
       87300   102.900543    
       87400   102.770889    
       87500   102.892540    
       87600   102.882607    
       87700   102.803673    
       87800   102.897369    
       87900   102.905945    
       88000   102.813652    
       88100   102.844444    
       88200   102.844734    
       88300   102.769295    
       88400   102.822678    
       88500   102.792770    
       88600   102.716507    
       88700   102.836571    
       88800   102.790802    
       88900   102.818924    
       89000   102.838028    
       89100   102.924202    
       89200   102.789345    
       89300   102.821182    
       89400   102.914886    
       89500   102.957634    
       89600   102.807693    
       89700   102.882088    
       89800   102.920341    
       89900   102.796097    
       90000   102.948662    
       90100   102.904587    
       90200   102.882187    
       90300   102.858978    
       90400   102.822487    
       90500   102.980179    
       90600   102.797928    
       90700   102.815628    
       90800   102.906815    
       90900   102.804382    
       91000   102.837570    
       91100   102.802917    
       91200   102.871239    
       91300   102.810417    
       91400   102.800560    
       91500   102.971428    
       91600   102.903496    
       91700   102.953857    
       91800   102.953552    
       91900   102.876579    
       92000   102.862015    
       92100   102.873772    
       92200   102.974480    
       92300   102.877174    
       92400   102.853630    
       92500   102.886757    
       92600   102.827240    
       92700   102.834579    
       92800   102.904251    
       92900   102.781212    
       93000   102.792000    
       93100   102.861481    
       93200   102.931778    
       93300   102.873138    
       93400   102.854004    
       93500   102.876053    
       93600   102.748108    
       93700   102.821739    
       93800   102.859688    
       93900   102.892242    
       94000   102.894379    
       94100   102.922844    
       94200   102.915100    
       94300   102.856544    
       94400   102.841492    
       94500   102.944588    
       94600   102.893005    
       94700   102.763283    
       94800   102.810555    
       94900   102.819473    
       95000   102.887932    
       95100   102.901161    
       95200   102.808395    
       95300   102.823761    
       95400   102.866203    
       95500   102.790771    
       95600   102.806458    
       95700   102.765594    
       95800   102.857986    
       95900   102.789368    
       96000   102.823097    
       96100   102.893799    
       96200   102.835175    
       96300   102.924957    
       96400   102.698288    
       96500   102.899551    
       96600   102.870110    
       96700   102.860779    
       96800   102.903946    
       96900   102.975311    
       97000   102.810165    
       97100   102.854782    
       97200   102.823097    
       97300   102.866241    
       97400   102.842873    
       97500   103.009102    
       97600   102.937279    
       97700   103.019257    
       97800   102.843513    
       97900   102.926888    
       98000   102.827606    
       98100   102.872185    
       98200   102.882767    
       98300   102.918213    
       98400   102.827042    
       98500   102.817619    
       98600   102.744736    
       98700   102.809540    
       98800   102.938988    
       98900   102.891434    
       99000   102.894890    
       99100   102.972206    
       99200   102.824074    
       99300   102.906555    
       99400   102.784843    
       99500   102.960861    
       99600   102.816895    
       99700   102.849518    
       99800   102.845695    
       99900   102.836922    
      100000   102.847855    
