   1.65961652E-07   0.00000000       0.00000000    
 -0.283535808       19.7159805      -31.9476738    
   32.6264000      -15.4092836      -30.4349174    
   37.1898499      -22.9545784       7.65414381    
   15.4805403       16.0193806      -17.5043526    
  -33.9469986      -7.81851768       29.9838276    
   16.1010571      -35.0552902       17.4498405    
   29.8779621      -32.8628693      -1.09587753    
  -18.2009087      -38.4822617       3.90114307    
   33.2825584      -5.86100197       33.8102036    
   35.4926109      -22.1324749       7.25948620    
  -15.5940332      -11.2284632       14.9381819    
  -19.0473442       25.8787441       35.8851204    
  -24.3733749      -17.9200420       30.0837860    
   22.8994751      -11.0825949      -2.13630676    
   21.4366112      -18.0249882      -9.11320305    
  -5.70690060       15.0958061       12.3619356    
  -32.0062294       36.9104385      -22.8470230    
   37.4006310      -28.7159271      -7.56387997    
   31.4154358       32.6241188      -13.8025131    
   18.0541534      -1.29950500      -16.2479687    
   35.8986931      -18.9515820      -27.3483200    
   31.6632252      -26.3179302      -2.48896790    
   12.5911217      -15.6504278      -14.3606443    
  -28.7868252      -26.4808884      -7.89198017    
   28.8898563      -12.5030584       32.9851227    
  -14.2469082       25.1544247       16.9114685    
   11.9071665      -25.8184166      -9.52294827    
  -21.7814159       18.3649788       32.9614182    
   33.6304016       26.8128891      -36.4449120    
  -18.5677013      -2.31487703      -26.2159004    
  -20.6258602      -30.4533405      -33.1502533    
  -29.6650677       12.0713758       27.0672741    
   11.0297699       36.1743317      -20.2046432    
  -15.7391939      -13.6972809       19.0395699    
  -9.56463242      -32.4598808       29.7925320    
  -12.4304733       13.7052479       17.0428619    
  -4.14255381      -18.4933758       25.9684563    
  -17.0240421      -20.2409325       10.8755999    
  -33.2985954      -22.6424389     -0.286600202    
  -6.49641323      -35.1372070      -7.52583933    
  -25.1385708      -30.2723064       6.41605949    
  0.285065711       12.6123610      -24.5054321    
   11.9237337      -13.3268032       28.7479858    
   27.2067986      -8.00492573      -7.30839682    
   7.75587463      -6.26264715      -12.3109207    
  -31.0438919       4.32404613      -2.44209266    
 -0.558687031       22.7236671      -10.9299049    
   3.69575596       29.2871933      -2.09321690    
   34.5199242      -17.5461140      -8.44513130    
  -31.9065151       4.45427084       14.5485868    
  -34.2424202       35.1590843      -30.9278736    
  -9.83092594      -4.38500786      -16.0082989    
  -35.4310265      -28.5759888       30.3641872    
   16.3326359       16.7282543       1.27297771    
  -9.03670883       24.6804562       35.8004494    
  -6.41860485       11.3735743       11.0800962    
  -18.9842548      -10.0296011      -24.2658958    
  -17.3234558      -33.3136292       25.3283310    
  -3.02223945      -28.1634731       15.0742273    
   28.0504360      -2.30038667       36.9721107    
   37.9438705      -32.6661644      -28.1023693    
   3.77699637      -36.4063034       36.1945496    
   7.09101391       3.34910393       26.0955162    
   17.5153141       13.5502272       24.5084190    
   22.1906242       24.7249889       6.72442293    
  -16.2811661      -37.0644264      -4.63633299    
   6.67592096       34.2254524       17.8648453    
   2.70790815       18.8667984       38.3586159    
   10.8965273       36.6822510       14.4851217    
   29.5871525       32.9063568       35.5906410    
   5.81805468      -16.8567791      -24.2764072    
   25.3567886       4.86539888       31.1271362    
  -27.8448696      -18.7313366       36.7491913    
  -7.51205158      -5.45632410      -15.5050373    
   15.8361425      -3.01879382      -36.5900726    
   31.1820927      -21.4370022      -21.9074383    
   22.5737267       27.3152504      -30.9376545    
  -23.5452747       30.7042427      -9.52141380    
  -14.0362787       27.1255035       24.8950138    
   12.5273438      -19.0273170       24.5550232    
  -15.2567530      -11.5047636       26.6534863    
  -17.8013897      -24.3192348      -17.4411812    
   9.55824661      -19.9628277      -3.66311812    
  -6.39313841       16.0326214       37.5823898    
  -31.8627586      -29.7944794       16.7034035    
   2.41850543       26.4331627      -32.1696472    
  -1.00781894       11.1044407      -28.6040516    
   18.3333473      -11.5820436      -29.3538094    
   1.65591526      -18.6725521       30.9974079    
   11.2344818       11.7810354       4.20930862    
  -34.8466721      -28.0721359      -26.4090214    
  -27.7863903       11.2604580       20.5864315    
  -17.2767887       5.48726225      -20.0687809    
  -9.47317886      -21.8602905      -23.8798580    
   31.1117458      -1.98658371       7.63675404    
  0.418690234      -24.6114540      -25.7151508    
  -29.0430202       9.44056892       28.0160522    
 -0.826390982       17.7975178       28.3283863    
  -35.3333206      -15.4984303       28.7047806    
  0.220433414       34.0328484      -36.2061081    
  -34.4141273      -2.26272273       16.4175701    
   11.2861404      -29.9771385       36.3617096    
  -20.7431469       11.8542089      -4.65114975    
  -23.6781311      -9.70349884       33.0757980    
   28.2665787       38.2807693       34.0623093    
   5.00240040       32.7697449      0.234887004    
  -31.0044231       10.9902000      -11.6945572    
  -20.5354862       30.0888386       25.7835979    
   33.1794777      -10.2949114      -31.8561611    
   31.0786762      -32.6876869      -37.6168785    
  -14.1965551      0.608300626     -0.897809029    
  -15.3813038       11.7193394      -32.2282333    
  -24.6235199       1.68566775      -9.46867180    
   28.0724621      -20.5739899      -16.9636135    
  -9.86021900      -17.6200256      -35.3430214    
   2.28092074       4.33493471       33.3571625    
   36.1692390       2.69006395       9.58582115    
  -3.25845432       26.3917503      -3.57174253    
  -15.3273945      -23.8761177       24.3249702    
  -12.5228643       31.4464855       17.5564137    
  -32.0018921      -35.9569893      -4.22532892    
   26.0167522      -9.16957951      -34.9110260    
  -11.6841974       8.31207180       32.1823730    
   15.5476580      -31.3446579       14.4637623    
   22.6541500      -20.4291000      -29.8829651    
   5.53830433       35.2116356       18.2431717    
  -25.6568127       35.0848312     -0.285672158    
  -33.5241547      -21.0592747       9.93086529    
   5.71599293      -11.7077932      -16.9301033    
   36.1851540      -4.00745010      -32.1763115    
   34.3263855      -32.8395691      -31.8871593    
  -14.4362106      -36.6605301       31.9405251    
   1.16157568       2.81359506      -37.2837944    
   33.7232971       23.0462532      -9.80167866    
  -36.9383736       17.8708057      -3.94747162    
  -17.8358097      -16.5133247      -1.00782359    
   24.0410290       5.77413797       28.5158634    
  -32.5998497      -2.30278945      -28.8253574    
   6.06855297       2.23386621       34.7504463    
  -24.5761375       26.8253860     -0.113166228    
  0.846288800       35.6079330      -36.5278854    
   13.6809855       1.99686575      -28.1689873    
  -13.0069036      -19.7442646      -34.7293396    
   13.8150005       25.2339191       11.7009716    
   4.55617189       25.9574070       6.42738438    
  -23.7397861      -15.5486507       34.2424278    
   28.1246243      -26.6657028      -11.7818260    
  -25.7197685      -22.3047142       9.66226959    
   3.28535366      -36.4045906       21.5377636    
  -37.2481880      -29.6151791       11.2910652    
   30.5754147      -8.93632844E-02  -15.4410343    
  -37.7040215      -26.0168495      0.288617074    
  -31.5288277       26.4979610       15.6082706    
   31.7698441      -16.8857422      -27.1999493    
  -2.35509539      -18.0252056      -13.3844976    
   25.2398453       21.1181831       14.7960987    
  -7.81831074      -2.03365207       36.0210419    
  -12.8418083       24.1133976      -27.3126278    
  -22.5628624      -16.3007698      -37.8809319    
   5.99914742      -21.7517834       12.5329351    
  -8.70211220       38.3213425       18.6052322    
  -36.1657448      -11.3507957       12.1572475    
  -35.4321747      0.927042425      -17.9545593    
   3.94616246     -0.207436204       9.51718712    
  0.668660283       37.1047440       17.9465237    
  -3.45725322      -10.2957201       11.7921352    
  -21.6773472      -22.7586975       27.3496246    
   18.1684132      -27.9246998      -12.7568874    
   18.9465542       36.1052933      -24.5644455    
   8.95659351       17.6621284      -7.89911032    
   17.4844360       2.26791430       32.7344551    
  -26.8265724      -8.49288845      -32.8399239    
   29.5146275       5.20887661       15.0447502    
  -31.1671581      -19.1938152      -35.8965607    
  -38.4959297       4.95242405       5.14413404    
  -12.3676004      -18.7246609      -7.71333170    
   36.2162247       9.02074814      -1.23511159    
  -19.2146130      -16.1911373       25.6203308    
   22.1104679       14.9420176      -1.36390305    
   31.4225712      -7.75661898      -24.5201015    
  -8.46921921      -37.8850937      -7.81341362    
   36.8295860       16.6023159      -21.0319252    
   3.29555297      -6.25587559       16.4314556    
  -27.3526211       35.2721558      -29.0825367    
   16.8592834       32.1982956      -33.4542389    
   36.1959534       35.3148232      -19.6119480    
  -24.8966579       4.85426712      -16.1883945    
  0.951392055       16.5605392      -28.4471836    
   6.42606592      -12.3032351       13.5545368    
   25.2742481       24.5063477      -4.70346451    
  -36.3277016      -1.10661435      -10.0997276    
  -6.31271601      -2.46624470      -9.99046707    
   4.80557680      -9.43749046       19.6647644    
   16.2442474       33.1421509       16.5958328    
  -19.4013977       30.1338577      -8.48632336    
   10.1686049       21.0202179       8.89854527    
   38.3178329       19.8379688       5.46983147    
   30.0208664      -29.6007977       12.9939756    
  -19.3336735      -29.9146976      -27.4191818    
   7.39937735       10.5864506       20.5318832    
  0.530753851       14.0939741      -29.5860596    
  -10.3723707      -34.9142761       2.82193828    
   23.2036400       32.1252098       34.0553017    
   15.3749590      -37.5130997       7.18808651    
   26.8134327       12.6707172       16.7901802    
   37.1102028      -29.1229649       9.75011730    
  -9.42187881      -8.53471470      -1.12638807    
   19.9840889       34.4283371       6.94300461    
  -22.5504665       8.13600063      -3.94127870    
  -22.0068398      -15.2524071      -33.0638962    
   18.9757061      -27.6958275       11.6020193    
   6.22648144       17.1836796       24.3111629    
  -5.37528133       2.47616839       37.0061607    
  -2.83045149       26.4139042       35.5963898    
   26.8233967      -16.5463200       21.3186302    
  -12.8102322      -8.10393715      -6.41451120    
   20.5323391       26.7416744      -32.3457413    
   17.8826771      -29.5551262      -14.5117588    
  -2.57832670      -25.1141472       16.5386982    
  -4.30200768      -32.3259087      -15.5594196    
   21.3114586      -22.4451790       11.1054106    
  -34.5927734       12.6712179      -14.2334146    
  -26.3262539       5.50302029      -22.0238056    
  -21.1799011       8.97512722      -36.3879471    
  -12.3659878       11.6641617       22.3326283    
   7.54858541      -4.70503139       29.5921974    
   22.9100933      -28.2849884      -27.0472717    
   34.5810280      -1.04411840       35.4968643    
   13.3563900      -3.71331072       7.73926640    
   10.5071020       12.4203339       8.95205021    
   20.6165981       3.84899807      -2.46615267    
   28.2780514       35.7277069       1.73196435    
  -6.11671495      -2.82637620       5.40632915    
  -3.86030912      -38.3414116      -24.5034256    
   3.60747695      -6.24942970      -3.15930963    
   31.3591328      -33.5790024      -15.1960945    
  0.324310005      -8.56662178      -36.8305779    
   28.6690693      -14.8950548      -21.9550400    
  -7.82802343       22.5066776       9.77521992    
   30.8768349       35.3668289       27.0790958    
   7.99482775       3.95888835E-02   33.0561485    
  -34.7962418      -18.8496113      -20.7725182    
  -34.3384171       27.1477203      -3.52872181    
   13.1638260       14.7649679       10.5472422    
  -24.3112278       37.1251945      -31.5383148    
  0.698077440       6.18360758      -16.3711185    
  -26.4364853      -32.3936310       7.21276665    
   1.95118022      -22.3979416      -28.2447834    
   9.16058826      -29.2961197      -24.6550674    
  -1.88131511       29.0106812      -15.1283846    
  -30.0900707       32.7995605       35.1325989    
  -22.0823612       5.09078979       1.92814910    
   33.4109001      -35.8973618       27.9021053    
   36.4704361      -29.5638695       4.72641754    
   3.94330478       1.32292664       26.2280712    
  -29.8065395      -5.37889671       12.2508602    
   17.8828564       6.37329149       31.5618782    
  -10.2051668       12.7724390      -24.9672222    
  -15.2658176       19.7960548      -19.3357410    
  -33.1648140       11.0642872       16.4577560    
   32.0392876       10.4842730      -7.98206949    
  -1.49892426       25.6393223      -28.4112797    
  -35.3801498       22.0084019      0.973421633    
  -7.64949417       14.8389177      -23.4842663    
  -21.7953053       30.9639111       19.4417439    
   33.5450706      -15.4492674      -6.38961458    
   3.17079091       15.9459267      -16.6368599    
   26.1232700       29.0921936       11.2410469    
   1.78062236      -21.5173149       1.70230830    
  -23.4597664      -27.8212147      -6.61493206    
  -8.55699730       17.4544353       19.8231926    
  -7.21079111       29.2918930      -34.8613930    
   16.8994007       20.4691124       2.01102996    
  -28.1251068      -31.8488522      -25.1750126    
   7.30551147      -24.0738468      -20.9743500    
  -22.1224861      -15.2112608      -1.11815512    
  -5.80470371       7.38427114       13.3020906    
   5.33537054       28.2659035      -19.5756588    
  -20.7199554      -20.1348190       28.2541924    
   37.0422134      -28.4736481       19.7064171    
  -7.02228355       21.7091942       30.9120274    
   35.2051506       4.79972410       25.7852325    
  -30.9996777      -26.3760109       12.1749859    
   29.8525639       34.5870743       10.8640413    
   17.5872593      -10.1184816       31.8444271    
   3.30402493      -21.4259663      -29.6113091    
  -29.5134468      -20.6271000      -5.71667719    
   36.0458794       19.3900223       31.5126152    
   16.3324661       25.9531441       12.9756212    
   21.9264164       27.6710911      -7.27285528    
   16.8773937      0.549140155      -18.8019142    
   18.0209732       33.8693886      -31.2852669    
  -19.2611256      0.112316288      -14.3155050    
   38.2914658      -35.5861435      -7.43703651    
  -13.5163813       20.5026321       17.1124916    
   27.6819839      -14.8365650      -1.19398832    
  -4.44836283       7.48430681      -6.90834093    
   2.66247082      -19.5079670       34.5185966    
  -9.75961304       26.6624641       16.9838428    
   19.6232090       14.7428331       27.6544380    
   15.3547077      -30.4343796       35.8208466    
   28.1163788      -28.8405972       13.7996740    
   22.0395184      -3.52839088      -31.8384037    
  -5.46238422       29.3821011       6.44319773    
   34.4208183       2.25067663      -5.59075737    
   2.48677659       3.70720029       35.3640251    
   16.0791836       16.0108299      -35.5853233    
  -19.3727932      -5.39263821       36.5763931    
   35.2828331       26.8799343       7.81495237    
  -20.8324051       34.1770248      -14.9545784    
  -24.5197067       15.6884956      -21.0757504    
   36.1039467      -25.8564663       10.0892115    
   28.6823463       34.9136200       14.3201504    
   16.0857620      -2.59397936       14.6652956    
  -6.89195776       7.15255404       18.2416954    
   16.1707058       19.4968987      -37.3280106    
   6.75387192      -10.8143082      -28.6939335    
   2.35920262       23.4221020       35.8389931    
   25.3042755       13.2029600       7.92609262    
   26.1245575       25.9407253       20.8835754    
  -8.21736050       5.73682785      -29.7983894    
  -27.4727707       15.8982563      -7.63372660    
  -8.21312428     -0.356814533     -0.486400694    
  -35.9239235       23.9794292      -9.00996113    
   11.5941820       19.3317070       37.8492851    
   16.7665329      -30.1620674      -4.45473051    
   32.3210640       31.8295193      -5.62469530    
   25.7182808       28.9249249       19.1779041    
   27.8210583       33.8945999      -23.4504070    
  -11.4187174      -1.41126084       29.9415092    
  -29.2641621       28.2429085      -25.0631371    
  -27.5805988      -4.52251911       35.1821976    
   14.9036598      -12.6054192      -17.6738434    
   15.1346874      -30.3075771      -1.69558680    
  -23.2913303      -20.9406185      -17.1321507    
  -13.7707109      -24.1422596      -13.4557962    
   11.6371012      -27.4633713       23.7021790    
  0.115072854      -28.0720577      -12.9639292    
   5.75766754       26.2597523      -34.8860893    
  -34.8821907      -4.77462053      -22.9664593    
  -5.20623016      0.588977098      -24.6580963    
  -11.8048573      -36.7565422       32.8026276    
  -3.63065958       37.4583321       20.0276012    
  -15.1364517      -17.3154297      -38.3544044    
   35.0428238       8.71146107       25.3061790    
  -33.9599762      -13.9283180       34.0862541    
   4.40789175       20.0363731       3.27539802    
  -10.8532448      -21.4135246      -12.6265202    
   29.6227913       26.8523178      0.513980150    
 -0.805578887       17.7882271      -1.16629398    
  -19.0692730       2.29489660      -37.0954018    
   26.6749058      -36.3084984       16.7958736    
  -19.7548676      -15.4612303       22.3789940    
   35.0462761       33.3476486      -5.23558760    
  -32.5988274       38.4161263       11.7860432    
   29.8934898       24.5119801       36.1223755    
  -10.1648245      -6.37515211      -8.47277927    
  -37.2464714      -4.49914312       25.6851463    
  -27.2656517       1.69328058       25.9914837    
   22.0595322       29.3144321       6.98594284    
   35.2548218       8.76872444       19.0352287    
  -32.6219177       36.6563873       37.7905235    
   19.8778019      -20.5301151      -37.2591362    
   1.94449103       10.2310505       30.6394672    
  -17.7176266      -1.05978024      0.124936767    
  -25.8647461       4.50569010       34.9598312    
  -3.54790735       22.0599861       29.5329590    
  -21.9180412      -5.43716145      -15.4378271    
  -38.3118401      -34.5426140      -26.0243473    
  -11.1276054      -34.4039917       12.7948360    
   7.30366898      -24.2544880      -7.63913393    
   29.6660004      -8.40660781E-02   3.05596137    
   8.45899200      -11.2119474      -38.4524841    
  -15.4123383      -1.18200183      -14.2689562    
   28.0589676      -12.9533110      -7.29345131    
   27.0604992       8.73629379      -8.97727680    
   36.0031776       32.1368942      -36.1624260    
  -1.70950747      -33.8954163       37.3058891    
  -4.74266768      -21.8620052      -16.0881023    
  -4.43933964       23.5970116      0.293344587    
   27.5961456      -36.0387726      -3.02119665E-02
  -9.43920422      -25.6723061       7.48280907    
  -4.04801741E-02  -27.2857151       27.8333797    
   19.5347652      -4.16332483      -14.3864775    
  -34.5224266      -1.62966359      -6.40649891    
  -27.9496784      -24.7998295      -9.23367882    
   35.3653374      -36.8862610      -7.97713041    
  -25.9538612       36.8843079       15.7343006    
   20.6936855       4.03429461      -27.8795986    
   25.1229267     -0.210477620      -13.8079567    
  -28.6083241       10.6223269      -26.7385178    
   34.9520912       17.5748100      -24.1323643    
  -25.1356068       16.6186066       6.40557051    
  0.371042997      -24.6098919      -24.3655281    
   24.9305954       36.6302948       7.48036528    
  -34.4423943      -12.5332012      -14.4739666    
   17.2643051       24.4753399       16.3147602    
   37.2777977       21.9021645       37.9452820    
  -15.2415924       9.51976013       23.2184105    
